0	-11.438888171891563
1	-8.044834659702076
2	-5.80490115717123
3	-6.986645969940469
4	-7.361127568651682
5	-8.243469113078504
6	-5.893345274378703
7	-6.542839545473271
8	-8.427833746058354
9	-8.850337098711748
10	-7.50815394658548
11	-5.671545547202186
12	-5.313902063456339
13	-8.743406182607032
14	-8.364113820387104
15	-10.207789330742429
16	-13.275698925921233
17	-13.771838943643047
18	-11.884204784980426
19	-13.074728573507741
20	-9.83029268516907
21	-12.560073995763418
22	-14.462683319757815
23	-12.617831941622939
24	-13.76716653222266
25	-15.65612478637064
26	-14.79212128928296
27	-13.726760502969967
28	-11.252147891033644
29	-9.620629724436725
30	-11.539694097585539
31	-15.81051877260407
32	-19.829573378013805
33	-17.642021895133297
34	-13.911450892683774
35	-13.099758048575893
36	-14.272071169129475
37	-14.50342376220624
38	-15.857856705528661
39	-13.018454649035107
40	-16.27245806113507
41	-15.55587608776517
42	-17.170390302590505
43	-18.508250803577596
44	-19.899432842375916
45	-17.241969166531533
46	-20.480289546438456
47	-23.054307402952702
48	-28.484097093580232
49	-31.737251879179723
50	-30.300734078588988
51	-26.90847900676397
52	-25.717366858469973
53	-27.97899096060236
54	-33.89182096246266
55	-34.16464025592941
56	-33.450512818644796
57	-35.24035775295778
58	-35.865533923156946
59	-37.12986571780935
60	-37.44162951409696
61	-37.57171356871736
62	-36.372059557410665
63	-37.838130621149915
64	-36.47101112723405
65	-40.89194175290682
66	-39.7467872390006
67	-37.2151189065997
68	-34.941715796035524
69	-33.286390021501475
70	-34.507840560449296
71	-36.08595531452568
72	-35.27345228056677
73	-34.89164318446727
74	-32.61513542073405
75	-32.527812364752265
76	-33.13075719814685
77	-31.00086668434487
78	-30.069101382831334
79	-32.01681892688123
80	-31.6100835116399
81	-31.289999934957052
82	-30.568985963770373
83	-28.63315675403976
84	-29.149583993455025
85	-26.206840198836574
86	-25.325950322889028
87	-25.566814757327734
88	-25.33709236876635
89	-25.87607050200799
90	-24.322092257242915
91	-22.711848078801722
92	-24.043242611835325
93	-22.9561408747889
94	-21.99581354983195
95	-22.03043754970068
96	-20.392868517212705
97	-20.622023765438
98	-22.3154973886312
99	-19.43382213899588
100	-18.384356513220823
101	-18.332281771791827
102	-19.222578716418226
103	-19.384247149995346
104	-18.05904801029873
105	-17.653951452094184
106	-18.21018666395745
107	-19.068264160085505
108	-18.241986188612742
109	-17.171411678124578
110	-16.595500898185463
111	-16.554830931576134
112	-12.059908228306732
113	-11.651927383256329
114	-10.430314401996867
115	-6.857668452205495
116	-4.363574982274407
117	-2.13930352142755
118	4.103880514587146
119	5.886400861893463
120	10.688852405388147
121	14.804765836322474
122	18.849192902377723
123	22.461214770605324
124	25.781482648433816
125	29.926373110384525
126	35.431806096692945
127	41.6104234502091
128	45.96869490832569
129	51.19950297023376
130	55.08676252392728
131	59.16265807065325
132	61.027020929270684
133	64.2613208324023
134	67.29146456079108
135	69.17055875763683
136	71.36218891839133
137	73.33088082008322
138	70.01997030686293
139	71.9661776533138
140	71.48550993975576
141	71.3155553077769
142	72.20027613049106
143	73.10943649254008
144	73.88606744908627
145	72.22752377543789
146	70.80491464316073
147	67.9503128493179
148	66.19172659105705
149	62.77657195228821
150	60.098708426693435
151	57.696482438592895
152	55.351036072295216
153	54.088145764546454
154	50.758899675669426
155	45.94648000175778
156	42.46476706124878
157	39.889440389001635
158	41.86834336367849
159	37.08812097398379
160	33.296687570694644
161	31.049116548015604
162	27.622881522374342
163	24.54256862118541
164	20.749523260526587
165	18.567761323377653
166	15.728619284231996
167	14.442293409033255
168	11.69675751463538
169	10.927569622868305
170	9.574884752768867
171	9.733988883075426
172	8.293436601306269
173	6.778650636249267
174	3.3706873407795683
175	3.542367596235266
176	3.1297296999081823
177	2.338419988608365
178	0.632271834771359
179	1.7997485769832338
180	2.453896773020574
181	1.668868746533235
182	1.6177928281643972
183	1.1978664245410755
184	0.433234766047633
185	0.918846345453801
186	1.281964024565582
187	0.4614032941730102
188	2.5686026366118995
189	1.3414443385280208
190	1.3414443385280777
191	-2.7974942587349005
192	-3.9403894922563154
193	-4.869250258389968
194	0.7892074718979529
195	1.6526902986375944
196	1.195258586994612
197	0.600288050620577
198	-0.5760785930443149
199	-0.3249591150506319
200	-1.258638186026019
201	-1.8641818183032797
202	-1.258638186026019
203	-1.869530235538889
204	-0.2414228121464248
205	-1.1818951284710693
206	-1.8822520751862157
207	-1.3392469118231816
208	-3.7375620623879513
209	-3.1165105391803536
210	-2.5266131377838974
211	-0.664878631687003
212	0.22870419101329276
213	1.7159056220609443
214	-1.0016100010416267
215	-1.42399065236134
216	-1.8008022192718727
217	-1.2058316828978377
218	-0.7183656630753603
219	-2.416378145076237
220	-0.6055436322772323
221	0.005255581656655295
222	-0.600288050620577
223	0.6108920495128416
224	-0.4057837293942157
225	-0.2303572204220643
226	1.211180100133447
227	0.9438740331177087
228	2.0510430281453296
229	3.050066791120912
230	0.8775830573280246
231	4.357003935684702
232	6.441269764062213
233	3.4298080277603162
234	1.6668857885124453
235	0
236	-1.2963629771685703
237	0.6055436322772323
238	0.5520822833107957
239	0.4063052626034107
240	-2.9605449185469013
241	-2.8921781057022145
242	-2.2686964820994717
243	-0.807686238650092
244	0.47946628188776685
245	1.089073689107181
246	-1.5900993046789154
247	-4.3635806651853954
248	-5.665466068046953
249	-10.110845986246318
250	-8.910816711793473
251	-16.130699744167487
252	-22.650572206032734
253	-23.48854083671216
254	-25.043043303559386
255	-25.08253950065776
256	-23.59654608568553
257	-30.703219239361886
258	-32.914877178938156
259	-31.21139088294285
260	-33.07203761397898
261	-39.84913609491869
262	-48.52392360186988
263	-58.09157304223352
264	-65.32104328075553
265	-69.43456786387549
266	-73.63448091952795
267	-75.16434291562769
268	-78.68620275453623
269	-76.82697161913367
270	-81.37798088644534
271	-78.90425883266438
272	-77.10827077203626
273	-76.36500456053444
274	-73.46129941153224
275	-72.90984199714744
276	-74.31786453756176
277	-69.5400370980044
278	-70.06743185345076
279	-73.06748707928828
280	-68.52003863552972
281	-59.695290490322066
282	-48.731458750617136
283	-38.277724772811254
284	-33.20492618789805
285	-31.246267125575628
286	-26.64647162916434
287	-19.117671820425855
288	-14.158759240294671
289	-13.039650992958869
290	-7.409049598911153
291	-6.737721807875147
292	-4.198215038435293
293	-1.6491321089026059
294	-1.9289261104286197
295	-0.7740015392025725
296	1.630533520576165
297	1.5323521926748214
298	4.24655752921943
299	6.8428211528764535
300	6.312323159125938
301	3.527278125947973
302	0.6147522695914915
303	-2.092587626451092
304	0.07469125014188194
305	1.239325662576178
306	4.313998743600152
307	-1.2466540317865196
308	-2.3038622566674576
309	-1.2519768642852398
310	-2.468111579801615
311	-0.2563012283612238
312	-0.055336197571122625
313	0.14074165320455734
314	1.3509959888612002
315	1.3509959888611576
316	-0.5025446384308765
317	0.5386834066569293
318	2.6165441795934186
319	3.260373553301335
320	2.388652103451875
321	2.514615009764441
322	1.3238309034987026
323	0.4291027951077382
324	-0.07469125014172562
325	1.2477247064551165
326	-0.4918208704179392
327	3.6305416016511174
328	4.281390935314562
329	2.95540917486629
330	4.123818647327411
331	3.3023865972435686
332	1.9145391479785445
333	1.260578227909832
334	1.209152688466503
335	0.563543159117387
336	2.5210745577273173
337	2.0049669452140364
338	-1.7317457898869577
339	-2.3755751635949593
340	-0.6423695323527596
341	1.6739694480601628
342	3.5606295949675086
343	5.222304176524645
344	3.4484081583159423
345	3.129699522069302
346	2.0924731345060223
347	-0.35634237998490903
348	-0.35634237998490903
349	-0.06485055703181786
350	0.14573855087125764
351	0.13110326753107415
352	1.5376467188395537
353	1.9976599075335173
354	0.09328201054059093
355	1.3703917850750713
356	1.313069811324695
357	0.6858016888663911
358	3.1068592700048043
359	2.479591147546472
360	1.6181069661536895
361	-0.16042194616309757
362	-1.043691272141615
363	-1.8632873954405085
364	0.5435748842407975
365	-0.14883310223460455
366	1.579978284279889
367	2.2181186385251266
368	0.6570739147129103
369	1.4701471786402323
370	0.19984235838722952
371	1.004623869916415
372	0.7306381172985823
373	-0.4526844786594637
374	1.6956426930347135
375	1.675851812279177
376	1.0485836898208163
377	1.5503417914511886
378	0.7702172215447831
379	2.9188063195932585
380	2.894862386445581
381	2.894862386445567
382	3.0822556717824767
383	3.967562519826899
384	4.2684919197019155
385	6.6177497921672455
386	7.097291029948437
387	7.739573252991093
388	12.201054413414752
389	14.243589627228047
390	16.611707472022147
391	17.57011803712207
392	19.490004780676486
393	21.52072848334268
394	23.617979653222008
395	24.59691902741504
396	27.925891826880047
397	31.10398570565374
398	33.751282374871835
399	34.646709564471436
400	37.68989790297775
401	41.05163280877514
402	44.98630420472071
403	45.486876163651885
404	45.33698937204383
405	45.564370906966715
406	46.95640332868625
407	49.83361084695008
408	50.06426521009851
409	49.430007313021136
410	49.63634449864321
411	48.35172709513037
412	50.18615112712098
413	52.28357483938322
414	51.88391878664038
415	53.243913284393656
416	52.02229514973567
417	52.04308058008435
418	52.72071609584762
419	52.91599108033712
420	52.64018863239525
421	51.97697775123032
422	50.792694020797
423	51.96983860981379
424	53.251821976981205
425	53.2708527291644
426	52.459779948068785
427	50.86517321507279
428	49.6205582128091
429	49.73360801807394
430	48.874388316833574
431	49.81663672929437
432	47.16887898240458
433	45.184854114283155
434	42.875597565913154
435	40.39935915822019
436	38.802449748316405
437	35.181964664385646
438	31.535636558528154
439	28.519589238648393
440	25.231146103041965
441	22.057979157502984
442	18.397880591667843
443	14.763322856312385
444	10.892194101940305
445	8.074148425923
446	5.493817291957839
447	2.2598742499493767
448	-0.9531315292957174
449	-3.481420187737683
450	-5.689614941811556
451	-8.082694739457168
452	-9.959843493544383
453	-13.027101895456298
454	-14.609866845666318
455	-16.473547926853286
456	-18.25553182133777
457	-18.773949743023763
458	-19.768878064622328
459	-20.737476718567336
460	-21.857051058822293
461	-23.114428169352664
462	-24.29375487052448
463	-25.64681196713451
464	-26.060739286079524
465	-27.681658506435383
466	-28.855803436027486
467	-28.574969864935554
468	-29.41729171800705
469	-31.68911063127814
470	-32.75446323616819
471	-33.72980409777023
472	-34.38075377260452
473	-35.50069658782763
474	-36.3123024193502
475	-37.27427660641433
476	-37.46191702243732
477	-38.448441087281594
478	-37.003086510055255
479	-37.996307853396104
480	-39.19862255308885
481	-40.592338585380304
482	-38.58170643251697
483	-37.95913578095647
484	-39.35663674222593
485	-37.32589937127605
486	-38.7509403312055
487	-39.905120797949735
488	-39.15470416068669
489	-35.404340686426195
490	-34.803284151234024
491	-35.82103653013792
492	-37.90641619449136
493	-35.54816340506545
494	-32.92374708411626
495	-31.847497378541135
496	-32.83879950209739
497	-31.23561391437005
498	-34.64454881581567
499	-34.12995263373665
500	-29.82838778359509
501	-27.80710397279968
502	-29.93033019693749
503	-27.97494890676998
504	-22.813442451422347
505	-22.281484493188287
506	-17.497294503419297
507	-15.973795859761992
508	-17.216318070422517
509	-21.34921221873337
510	-20.961233030002617
511	-20.609339385235216
512	-17.203858095680175
513	-16.007052559164904
514	-17.996488347734314
515	-18.637040351514926
516	-18.696078945973483
517	-18.972436524920994
518	-15.539675510779048
519	-12.879964494636866
520	-16.842672601137522
521	-17.071028106273047
522	-14.481532306111959
523	-15.603710665621108
524	-20.480884423787202
525	-23.87580575387136
526	-28.18373270471281
527	-27.629583707856995
528	-23.537712569467274
529	-19.36561645392267
530	-17.634717701155793
531	-13.349548368000754
532	-12.120955278278515
533	-15.982518800957095
534	-16.955036899211834
535	-14.160854097259772
536	-10.428340384522187
537	-12.294174109238867
538	-13.177198026480923
539	-13.985661057215736
540	-12.408363915083214
541	-10.081489917097144
542	-12.92403248190864
543	-14.729345962805212
544	-11.871596124522512
545	-10.309477730888688
546	-9.354288690308067
547	-10.454114624515213
548	-11.045267629717344
549	-12.944347749812678
550	-15.564147938235038
551	-19.269648262870135
552	-22.50248946450894
553	-18.355541953503717
554	-16.328141138219138
555	-18.82048780886086
556	-22.244924984639283
557	-19.581816586837547
558	-18.521088817314947
559	-22.01244909017182
560	-20.247819910733597
561	-23.07683671530743
562	-20.96256477796532
563	-17.573260550818432
564	-19.16526903038806
565	-18.890457809264802
566	-15.81629588249362
567	-16.274886667214474
568	-19.314104592577678
569	-18.812041240736626
570	-18.6316410203655
571	-17.843497073638773
572	-15.709721741609698
573	-19.571144540185678
574	-20.119192999423078
575	-19.67298149449232
576	-16.86041146831016
577	-17.116671666199046
578	-18.97980997729593
579	-15.9640168073892
580	-19.560581301114468
581	-19.019773938976748
582	-18.388628834158773
583	-21.574040117934544
584	-22.401796183865486
585	-19.173567124699638
586	-23.234022138195044
587	-23.962933044362735
588	-22.796668093513958
589	-22.794586164488955
590	-24.011491683184648
591	-24.712064355833974
592	-25.856863303280598
593	-23.91425005066244
594	-25.009907417140493
595	-24.7398698803925
596	-27.77610367817094
597	-29.851096206618806
598	-30.481064504922237
599	-31.929748529435756
600	-30.62497065700672
601	-30.909464106621055
602	-34.640301944298045
603	-33.63595423430203
604	-33.16149673725893
605	-39.02728355908498
606	-36.549383400409226
607	-35.39916928357335
608	-35.908155099267674
609	-38.14224977820867
610	-35.23716085175065
611	-35.04967281741575
612	-35.950398496153525
613	-36.978142322667765
614	-35.997799557805834
615	-37.04928012837678
616	-36.489415729736564
617	-36.65443015184128
618	-35.38727861901343
619	-34.13291502683748
620	-34.53114785533475
621	-33.9832224937488
622	-31.662129383113484
623	-31.16571101192081
624	-30.614112544244072
625	-26.994178222272737
626	-28.21869579293206
627	-26.521212660325684
628	-25.264373686292235
629	-23.549580529752348
630	-24.764528849478218
631	-23.734205213676365
632	-22.108993589705854
633	-19.909957478734604
634	-19.047896344765952
635	-16.358249776741353
636	-14.251247680879978
637	-10.956365266779283
638	-8.87636545193859
639	-8.20647791665057
640	-5.127834197060597
641	-1.7194399339455835
642	1.1995832764423398
643	2.7568600259827782
644	6.196119960537942
645	7.618001625567199
646	11.188941973314794
647	12.59763881671447
648	14.342734479602886
649	17.861684149694987
650	22.060758744900717
651	24.45432995271759
652	28.255666274140175
653	29.855030107914303
654	31.9660491568502
655	32.47646658140792
656	34.348481688954784
657	37.02446679813195
658	36.053442963693556
659	38.120382621256546
660	39.436178530030645
661	38.49607563752724
662	38.14576437628488
663	40.26514984887113
664	40.073673737873364
665	41.59802205166313
666	41.696776922377666
667	40.248851764497715
668	42.84693338824123
669	41.42527960862063
670	40.50904834666169
671	40.007913011021046
672	38.967667683149195
673	40.21742903169585
674	38.55556498693092
675	39.034845197987536
676	39.458763201681116
677	36.48695299289646
678	41.14732050382981
679	42.37307036403415
680	42.11438827385676
681	42.35853307948837
682	44.346030641226875
683	42.58581814423067
684	42.09899818347454
685	40.46966687447319
686	39.865100885039865
687	42.249694101272254
688	38.63766584715966
689	42.28435906069512
690	41.77992761670542
691	40.12080141364331
692	37.16847668118082
693	34.012779776147156
694	35.84145526163828
695	36.50589469898442
696	35.203588900071935
697	35.15815350208603
698	31.281246491076537
699	28.033055243119897
700	26.425997352065238
701	25.362789341325033
702	21.5216093089333
703	21.664001575332314
704	20.403189993932948
705	20.12876109421179
706	18.30362499446875
707	15.937388026415192
708	15.483204901940056
709	8.525781670983903
710	5.485597223122795
711	8.763299166238951
712	9.314889150763108
713	9.086459622368949
714	8.345666355978665
715	5.784093270524721
716	3.406318914894541
717	2.758933553655112
718	2.4914559315788125
719	2.2737731947361226
720	0.012764585485257385
721	-0.24516740841129092
722	0.6184026503005526
723	0.23761076128297987
724	0.5643492874677918
725	-0.8118412111497832
726	0.13582320334221265
727	-1.5610900834873291
728	-1.5527169003259331
729	0.7177775340878014
730	2.861279458946754
731	-0.7683038748857882
732	-0.581994040127924
733	0.2932512823332587
734	-1.6826549010767309
735	-2.0047061718504295
736	0.3424651444937723
737	0.5739116812460878
738	-1.1521025692929783
739	-0.8014899367848329
740	2.343739914104688
741	1.8431344399398455
742	0.5516893675108605
743	-1.3148809515574982
744	-1.3446930827865629
745	-0.8059991954162484
746	-0.7949470605941542
747	2.306953681594976
748	0.3735297641959505
749	0.3735297641958226
750	-0.2932512823332587
751	0.7170270933721667
752	0.9031031441345334
753	-0.2932512823332729
754	0.37352976419583683
755	1.314856059836842
756	-0.3424651444938007
757	0.18007178668999302
758	0.9271138443861133
759	1.6506211467195016
760	-1.0911350872276415
761	0.44553142819400193
762	1.9816381296012935
763	1.938667178460392
764	0.9038011922096274
765	2.15093425660595
766	1.5209791392602199
767	-2.2003628287821755
768	1.734347719565406
769	1.2672788782268896
770	0.5397243874800495
771	-1.959639068168272
772	-5.380358328096577
773	-8.034705663570634
774	-11.557252135793036
775	-16.087997796375035
776	-20.159872625070747
777	-26.51539437161037
778	-31.48466167501305
779	-38.47253453541016
780	-41.679737885750164
781	-49.28827605171489
782	-55.560817709945844
783	-57.95525948933791
784	-61.17075840070457
785	-67.17051447622492
786	-71.54646085181436
787	-73.50569105142085
788	-79.85579275650493
789	-82.51681014362721
790	-84.7299058062672
791	-83.49496318482878
792	-81.03956289664251
793	-77.70140905368102
794	-72.98612112893471
795	-69.44897461251973
796	-64.92456233878082
797	-58.03111305387694
798	-52.003748048311635
799	-45.91681065572435
800	-42.10972407409572
801	-35.89783183044738
802	-29.724466499490664
803	-26.23884255308314
804	-23.064568154085915
805	-18.311945142962003
806	-13.935998767372507
807	-10.28363478133175
808	-5.133231470809591
809	-1.9949069650752118
810	1.305100057238541
811	1.2820496779454071
812	3.24088403311459
813	1.9070594713762508
814	0.11492768098516182
815	0.29789177636536923
816	1.1281509127483997
817	0.05075442667032104
818	-0.936231115967332
819	-1.2150251763273865
820	-2.0272672429655358e-13
821	0.5946620115975947
822	-0.010416705009492322
823	0.6121029801533131
824	0.568580225538142
825	0.5685802255381427
826	-0.04726554002636685
827	0.3817823322117262
828	-0.021016542376895098
829	0.5741282602080485
830	0.21477139128113054
831	2.380529374633914
832	-0.02084615858177563
833	1.7696373251209319
834	3.5853027923594736
835	4.2846566736816065
836	2.5956098622499586
837	2.400625354222504
838	3.146818564256809
839	4.210621066923704
840	3.006012595605793
841	1.805963342624699
842	1.8059633426247017
843	0.6055436322771859
844	1.8113980376962107
845	1.2162751293714307
846	3.264677223188796
847	4.613873273279695
848	3.016612432973221
849	2.7984656557239354
850	3.0211758128349206
851	1.1894452540886316
852	2.7989833351053006
853	1.800337303601781
854	0.5840621742301773
855	0.24280589665171481
856	1.1015935717003384
857	1.8099957127009834
858	1.302847598120815
859	0.5355354668372914
860	2.4070889541742515
861	2.424728992476383
862	3.4235790332618006
863	4.0495069103880095
864	3.1047215300775513
865	5.564849667134494
866	3.246015619292101
867	-0.32281540757832694
868	1.2704935488583726
869	1.4171365719447864
870	1.2895606750803696
871	1.2979803311009683
872	1.7516093196686273
873	2.533257650874406
874	2.533257650874784
875	2.9973366626719358
876	3.171642005305066
877	1.4132515888192967
878	2.6987715502861844
879	3.891681720808488
880	4.23935827389463
881	6.043275114144145
882	3.9422092384119862
883	4.674924933465354
884	6.570565154466005
885	5.282551906265917
886	8.111949556466872
887	14.331014315109403
888	17.638082326426954
889	18.46979931559683
890	22.171770640242265
891	24.77845418905395
892	22.60552159788288
893	24.043360425154326
894	25.578533276404634
895	29.012323823235644
896	32.549180596219024
897	38.882527001848764
898	41.70930982947888
899	42.82029002636542
900	43.84313679725348
901	46.911067967292624
902	53.582348934677896
903	58.353705247709286
904	60.86975129875658
905	64.98436830987472
906	66.93570986917106
907	64.27734740699415
908	60.28501420418871
909	61.881793543684196
910	59.63805125300442
911	62.01335076861316
912	67.42134921719769
913	69.23506946500886
914	70.95995304293766
915	69.05454429330484
916	67.58425975384587
917	62.86184217328718
918	60.281139155077334
919	59.47172341850028
920	57.07325397890875
921	54.23166250150297
922	48.82680889569163
923	43.98793398741371
924	41.121785966358985
925	35.218016628671705
926	30.649002779480398
927	29.765431415311596
928	29.393105399548745
929	26.49492608120468
930	25.540120180298103
931	19.856786799575133
932	16.00797021726534
933	11.410255947819266
934	8.15599983513897
935	4.820217786891348
936	2.787928621816377
937	1.7288161642966458
938	-1.119479304583436
939	-2.496440346025608
940	-1.9991462658083776
941	-4.855787143610286
942	-7.7835174715338695
943	-10.579565660543011
944	-13.13371043555658
945	-13.20803952612225
946	-13.145803806661178
947	-16.478162483438055
948	-17.42468321094779
949	-19.411600940217085
950	-23.012454383231827
951	-21.71986148631241
952	-25.192470215839222
953	-25.654481741766205
954	-27.611217379146268
955	-27.755921957939677
956	-31.182938354545016
957	-32.88563312347392
958	-33.75734291679073
959	-36.02980610445343
960	-40.32841884873697
961	-41.03619678234611
962	-37.21179968796845
963	-36.277042587287326
964	-39.350776080263664
965	-40.90283494344023
966	-41.166815591717985
967	-41.078766664865135
968	-41.794539336684245
969	-42.27371284403631
970	-41.39568398118075
971	-44.76708826126104
972	-42.14588234773849
973	-43.071388955106634
974	-43.45466002673574
975	-43.80816958190037
976	-42.462108729343825
977	-40.2354007624683
978	-40.12823904863939
979	-40.50415302242179
980	-37.76970636121733
981	-37.21681678561462
982	-39.80825424724326
983	-40.227924569121186
984	-31.852611058651036
985	-29.6707461688889
986	-33.13818544634355
987	-31.443729828957096
988	-29.634432383549612
989	-28.774737241387243
990	-26.381061305405364
991	-23.938105673500935
992	-23.76074979817388
993	-22.22780666203634
994	-20.518388599258728
995	-18.972052267751767
996	-17.46734613912731
997	-18.91900811778765
998	-17.42790531296906
999	-16.231690480431638
1000	-16.96474053071504
1001	-15.242636800545366
1002	-13.557994371367162
1003	-13.06404469825746
1004	-20.43882851628043
1005	-20.925063949810717
1006	-15.32055492579019
1007	-13.966711620485942
1008	-14.364665202878944
1009	-13.861869935441462
1010	-15.036338339833865
1011	-15.141362020093165
1012	-15.777121641152515
1013	-14.970285798846751
1014	-16.041936407799813
1015	-16.80933153481149
1016	-17.338046061858382
1017	-16.50260656697094
1018	-15.801862895020152
1019	-15.134450293095536
1020	-14.219792735240606
1021	-15.05672738816696
1022	-17.29341967207462
1023	-17.140018338151073
1024	-15.007373194178022
1025	-13.864454350630673
1026	-15.278285560187916
1027	-18.130041906170884
1028	-17.87832438303662
1029	-17.16810795694066
1030	-16.100997547604877
1031	-15.623998224529277
1032	-15.86736988516584
1033	-18.337943872534378
1034	-16.277694392379082
1035	-14.735777334996108
1036	-14.14710082139792
1037	-14.99675625708354
1038	-17.88406545972749
1039	-17.81663113450308
1040	-16.675336964196134
1041	-17.115351660983947
1042	-14.25225147033931
1043	-15.157542528992593
1044	-13.701830042172617
1045	-13.701830042172258
1046	-14.868193332219688
1047	-13.421162547958257
1048	-14.892321897273932
1049	-14.816737871416025
1050	-17.155452175002424
1051	-17.5432761986585
1052	-18.213394156612623
1053	-16.7870126231807
1054	-19.394717530120452
1055	-23.776791760189035
1056	-26.070970563173
1057	-25.98764391923785
1058	-22.6688562740487
1059	-24.47379361813773
1060	-27.192406486889723
1061	-29.572551014821872
1062	-32.958703131525766
1063	-33.4042806482091
1064	-37.026555740961875
1065	-41.52337659192345
1066	-44.3054904122003
1067	-46.524065492656106
1068	-47.05288722187338
1069	-51.52773398872124
1070	-52.9529983864455
1071	-55.7770580052958
1072	-55.89523409086273
1073	-58.04686607919134
1074	-58.4428113672264
1075	-57.20913614825477
1076	-57.97371463878157
1077	-58.812019092364494
1078	-62.46314995768363
1079	-62.05191450647788
1080	-62.328713021641484
1081	-60.4280269199618
1082	-60.629288849257
1083	-59.30155458813432
1084	-57.764732549749866
1085	-53.396866587532344
1086	-48.09694151079859
1087	-44.952182400672
1088	-43.40293542381821
1089	-37.96230907793962
1090	-34.83365992363366
1091	-30.581740259751996
1092	-29.772260733740183
1093	-26.838999588616062
1094	-24.27431826457091
1095	-21.152081587512157
1096	-17.43977716016218
1097	-15.565902704520624
1098	-12.259204478697441
1099	-10.201387314294053
1100	-7.430832836572435
1101	-6.12631789983628
1102	-4.032396090827476
1103	-3.551900401682019
1104	-1.6233321815715414
1105	-1.0126813652629494
1106	-2.7796875357848023
1107	-3.5356395001067114
1108	-1.969559440315095
1109	-2.3978234184492493
1110	-2.704266245599541
1111	-3.1550793803731665
1112	-1.3286819190820438
1113	-0.027976188787633305
1114	0.20466794541165712
1115	-0.6224492618763406
1116	-0.46061796131093047
1117	-2.609476452130963
1118	-1.3768040986867618
1119	-0.047439406521377236
1120	0.055290919574090935
1121	2.723765663606059
1122	6.557313697202289
1123	8.567646869666575
1124	9.878208115412079
1125	10.406850164059662
1126	13.76111209530707
1127	16.42933582675532
1128	18.68312202976253
1129	19.994175934858262
1130	24.74584674874238
1131	27.089078271302085
1132	29.788417623649693
1133	31.38183423612712
1134	33.86775005143028
1135	38.256073422927045
1136	41.71624381466805
1137	48.44099910246426
1138	49.7696706829866
1139	51.682560072467865
1140	53.24776967408794
1141	52.786380013482585
1142	52.165481902977746
1143	53.734862743400065
1144	56.14588752286681
1145	58.44444152243409
1146	59.31937371503622
1147	61.63776465007319
1148	61.403710469398
1149	63.043385068306826
1150	61.976714607053644
1151	62.45609019575731
1152	62.262600549133126
1153	61.82085407366205
1154	62.64153647118901
1155	61.61247830851551
1156	58.60049736303615
1157	55.92389519268872
1158	53.9492952166878
1159	52.6189684304692
1160	53.20325007708613
1161	52.58855078551324
1162	52.36281771327949
1163	51.36336431259916
1164	47.99475890968547
1165	44.25379665298906
1166	40.828403476060885
1167	35.28464530854733
1168	33.62995023105538
1169	31.2783713746602
1170	28.60458015166447
1171	26.18729154818231
1172	23.3816244734396
1173	21.79190850932086
1174	17.106961158294734
1175	13.568520339449375
1176	14.178493646702528
1177	13.604308286622937
1178	11.80928311249444
1179	8.999862555357629
1180	6.559600020028487
1181	5.8179146546453175
1182	2.7674673798720253
1183	1.3380434195509814
1184	2.085940441003557
1185	4.172102341444677
1186	3.8158346826367193
1187	6.324188734981798
1188	5.480644491615559
1189	4.252507459573394
1190	4.4016595605342195
1191	3.9738753945937138
1192	3.7516557965422526
1193	3.151559190501347
1194	4.967084535555829
1195	4.915138081629106
1196	2.1540373245054942
1197	1.8436466310133948
1198	4.526295855781342
1199	5.5156716824483105
1200	4.844307389127168
1201	4.242157695392281
1202	5.084165501051061
1203	3.3305676850664594
1204	2.1230538433651764
1205	0.4689622238408098
1206	0.2376121116962187
1207	-0.16874435293542667
1208	0.3053949331391448
1209	0.9598196734184666
1210	-0.6105523836793911
1211	-0.6105523836793963
1212	-0.010416705009488325
1213	-0.010416705009491878
1214	-0.6050787166072888
1215	0.6050787166068667
1216	1.8003373036015382
1217	0.2024497996067166
1218	-1.5747440647410613
1219	-1.143249158490384
1220	0.030699978480768886
1221	0.13100926628309906
1222	0.6046223954823426
1223	1.6927956615105448
1224	1.2102914126702116
1225	0.9929821875916393
1226	1.934685683013967
1227	0.9443283990330995
1228	0.6738826788736585
1229	0.015481948692063208
1230	1.2052143952770091
1231	1.2992494328214845
1232	0.6050787166072746
1233	0.6050787166072833
1234	1.215025176327405
1235	-0.16358202087532447
1236	-0.5946620115975372
1237	1.4168995222798886
1238	2.424728992476607
1239	1.2046084713180882
1240	0.5481559649306376
1241	0.5810667607543372
1242	-0.5733876559362887
1243	-0.5733876559363136
1244	0.6099464597203315
1245	1.6490627301339227
1246	2.0589566144893445
1247	2.8833413484036026
1248	2.081865293108302
1249	1.8441132342731474
1250	3.2395865182360293
1251	3.489769555032445
1252	3.053846677893861
1253	2.22143984153187
1254	1.896105664327873
1255	2.989172433546546
1256	4.961578500816333
1257	3.3155280386657062
1258	1.2368234688408468
1259	0.08697572944016141
1260	1.0533916366852027
1261	2.5988179946330314
1262	3.2141829700037956
1263	2.6081317414039535
1264	1.401305034772736
1265	-0.6889478678165091
1266	-4.743954820596797
1267	-9.598015612865979
1268	-12.409644882716156
1269	-15.137274061946682
1270	-21.180008526414564
1271	-26.228355605550973
1272	-30.762722302145427
1273	-33.207593863544695
1274	-39.3328599892655
1275	-45.49966719556169
1276	-53.76354404228465
1277	-57.64541575190669
1278	-60.71695047725488
1279	-62.857092203914895
1280	-69.13803181206612
1281	-75.94529891004427
1282	-79.77752884213503
1283	-82.83675380125517
1284	-85.64219498674682
1285	-86.67151489822834
1286	-85.68687046332104
1287	-82.93840476702759
1288	-79.98948863154732
1289	-76.05417510650672
1290	-71.45660324013477
1291	-67.33969619617184
1292	-61.783301518736316
1293	-59.36605145734626
1294	-53.77827085138958
1295	-47.93100193371642
1296	-41.2112300795404
1297	-38.12892841626296
1298	-34.07034505838002
1299	-29.640167288847145
1300	-24.263853093151326
1301	-18.635778359745444
1302	-15.434548263226034
1303	-12.77248834432558
1304	-8.764516719672429
1305	-7.773451232361083
1306	-6.169456788269642
1307	-4.122645821304019
1308	-3.6169762498455924
1309	-4.2378567243312375
1310	-4.188167410198034
1311	-3.6009454493654403
1312	-4.093015515523632
1313	-3.837609574634868
1314	-3.5847363373868575
1315	-2.4084098481034744
1316	-2.2324624587227504
1317	-0.9763766069826829
1318	-0.6952654825784919
1319	-1.220720506275427
1320	-1.46136430453015
1321	-1.0678149677957833
1322	-0.8674368285783203
1323	0.5664011365951183
1324	-1.1758853426642872
1325	0.5534929783602678
1326	2.3690276629879463
1327	0.8737196667395892
1328	0.6735271226917519
1329	0.5309424177487614
1330	-0.10419622695407327
1331	-0.10419622695404485
1332	-0.10419622695401642
1333	1.1355648132312268
1334	0.011024249497438632
1335	-2.519930206753642
1336	-2.2278074768492786
1337	-1.2322808631460305
1338	-1.232280863146059
1339	-0.6277166212958321
1340	-1.1350961776612252
1341	-2.4602117857522217
1342	-1.4084369178902847
1343	-2.4602117857522785
1344	-0.16148002271825135
1345	-1.0966606993034276
1346	-3.051687003066263
1347	-2.0267116664554266
1348	-2.0768202439596593
1349	-2.3905376007137846
1350	-1.1359654612332264
1351	-1.1359654612332832
1352	-1.7553989560111916
1353	-3.0145789825408826
1354	-0.7917972217510254
1355	-0.294055096716491
1356	-2.543690854387421
1357	-4.355686967575949
1358	-5.650609241681892
1359	-8.13573705468373
1360	-7.335444465626125
1361	-8.781343327629727
1362	-11.387509081798484
1363	-10.105437781607193
1364	-13.121134520775982
1365	-14.30205842937879
1366	-16.574106638900844
1367	-17.644205142961724
1368	-19.364592163025122
1369	-21.631288964782115
1370	-23.677694241114864
1371	-26.52981103161271
1372	-28.260302594359786
1373	-29.721491592451187
1374	-33.146923609029926
1375	-33.94691114866373
1376	-33.45202666537395
1377	-34.57368173831246
1378	-35.11774832160718
1379	-35.0847397949302
1380	-37.35028041040316
1381	-37.3247742758862
1382	-37.004344219143206
1383	-40.8038243316077
1384	-40.485964336768205
1385	-40.78899774205793
1386	-39.5990538358553
1387	-40.70021813195106
1388	-41.132321172026394
1389	-39.64731677540857
1390	-40.322645794881694
1391	-38.85488282561349
1392	-38.49793028033646
1393	-37.715468858665815
1394	-37.75989843749805
1395	-38.526202662913406
1396	-38.64348168938798
1397	-37.918787628459825
1398	-38.028106677228266
1399	-38.12239768581708
1400	-37.187814372902466
1401	-36.74064779767551
1402	-36.69746754226668
1403	-34.78484395735043
1404	-35.58479566356658
1405	-34.91695428729258
1406	-34.451849318674704
1407	-34.2277027745464
1408	-33.123626525768486
1409	-33.10864218829852
1410	-33.12063883050854
1411	-32.69395217219528
1412	-31.444174732661054
1413	-31.901722375907525
1414	-30.845018816661423
1415	-29.082411683736154
1416	-28.90361158870479
1417	-28.450875362651743
1418	-27.250878389759805
1419	-25.71855967630097
1420	-25.253363753856206
1421	-24.450563518145714
1422	-23.205476509218443
1423	-22.257364202317035
1424	-20.233995068491254
1425	-18.936599932751022
1426	-17.51638414401981
1427	-14.718847843413585
1428	-12.770272240005454
1429	-11.429381602428975
1430	-7.584698154403782
1431	-6.6270309914875725
1432	-5.255868830613821
1433	-2.2542787307686467
1434	0.4036145273535112
1435	2.398393319406466
1436	4.262160651317458
1437	6.62533618545919
1438	8.944941059760168
1439	11.388518912357057
1440	12.99344165372716
1441	15.991924129111254
1442	17.48811058783582
1443	18.99420627086593
1444	21.775360801907652
1445	23.73671493400991
1446	25.7680561757536
1447	26.550735289168813
1448	27.755773871468875
1449	28.71915305769653
1450	28.734657094696672
1451	31.186487529115425
1452	33.8163261659754
1453	33.82414599349977
1454	35.68482076021371
1455	35.66549852264768
1456	36.163198628271516
1457	37.2767879863635
1458	39.11394567678724
1459	39.65593408289516
1460	43.5045861373751
1461	44.42312177166957
1462	43.60870058554815
1463	44.39026669837517
1464	41.83872462667145
1465	39.25497874049867
1466	36.44621816139531
1467	38.12409034678291
1468	38.67024818721788
1469	40.485658404726365
1470	40.12171708586163
1471	38.65702117584546
1472	36.09646200059791
1473	37.386288032905796
1474	33.57161916187033
1475	33.42363482239196
1476	35.42553680531336
1477	32.69093894811354
1478	29.09637624737107
1479	24.77838543628053
1480	17.729610742966983
1481	13.478707059219914
1482	15.444927295672699
1483	15.389102476230434
1484	18.787812727672346
1485	21.499652770994686
1486	25.04911278242305
1487	21.446703044250526
1488	19.782383086256587
1489	18.10968286090413
1490	18.317749079353362
1491	17.90145443071681
1492	17.99223429595233
1493	15.884961066011812
1494	17.531343072391834
1495	18.453507954282813
1496	15.238851954087636
1497	16.625715664437877
1498	18.160812275294518
1499	19.599511041693162
1500	23.52909387775854
1501	25.840547993232747
1502	24.880912667899537
1503	23.577773337134502
1504	19.969417842773282
1505	19.3793460967576
1506	17.121005483947172
1507	17.96006563926771
1508	17.203301639239342
1509	16.966792691608603
1510	15.615906882610858
1511	16.4095730236251
1512	17.34926738574913
1513	17.20090726329613
1514	17.96235467143856
1515	16.89085047073671
1516	21.048863276429486
1517	21.29548067550462
1518	18.376481032926108
1519	18.57949987896741
1520	17.852517467179396
1521	17.891359303373264
1522	17.193196207624737
1523	17.228533116401906
1524	18.86966564530057
1525	20.474196015418727
1526	19.520242268278167
1527	19.91913587846676
1528	22.00242182043364
1529	22.13818277708738
1530	23.21849033820054
1531	21.977345124989853
1532	20.213985670352386
1533	21.758277668746288
1534	20.020713628262456
1535	19.709441908336075
1536	13.130173495247078
1537	11.413866579370406
1538	15.861479523983817
1539	18.2966439518097
1540	18.042449847360928
1541	18.46798073691845
1542	20.336553457483937
1543	20.29877965721296
1544	20.16944244654644
1545	15.43835561677917
1546	17.50709597084252
1547	16.14661610532636
1548	14.902561932421051
1549	14.69143950597686
1550	13.841198870472574
1551	17.26095742918097
1552	17.946511921870645
1553	16.438799045292704
1554	17.724871455352705
1555	16.64150040441021
1556	21.051140468831335
1557	23.604261244692907
1558	22.9332354883923
1559	22.071802261499734
1560	22.906662482719902
1561	19.89097885490591
1562	17.731955815365374
1563	19.68340246983235
1564	19.768388588776958
1565	24.894159144825927
1566	24.965646238082563
1567	28.536078699195265
1568	29.602414442847046
1569	29.842893373357835
1570	31.652570653732017
1571	28.409266105437553
1572	30.87129475619727
1573	33.28595432248236
1574	33.93225455888532
1575	37.29294827175292
1576	38.17970812477698
1577	37.54512243658192
1578	37.0623567964711
1579	37.97522380346856
1580	37.33938223830206
1581	41.909808383025
1582	44.68999592881131
1583	43.241279465220366
1584	44.43867256752465
1585	42.34191253863707
1586	42.01774473772558
1587	40.32226243660077
1588	40.13875888950155
1589	41.1390839709006
1590	40.27137062194075
1591	42.39624439500796
1592	40.51081970856162
1593	38.72805384720824
1594	38.645832327850144
1595	37.70538463088563
1596	35.43342301506193
1597	35.49103931758545
1598	35.111478729642954
1599	34.51226118927235
1600	35.90836281904817
1601	32.801613408033504
1602	30.576860640917584
1603	30.674622914769074
1604	28.26097513851762
1605	27.89407826874906
1606	26.7256040868295
1607	25.587521514792364
1608	24.40979875667313
1609	21.596883291083145
1610	20.105754378843578
1611	17.133787319640803
1612	15.357929949220033
1613	14.344782269595918
1614	11.000039476114278
1615	6.900673771124325
1616	6.066958409500117
1617	2.459786918205257
1618	-1.584025971078841
1619	-5.78845178056126
1620	-10.004933636871751
1621	-11.916369987701191
1622	-15.29459140930005
1623	-16.383138825460936
1624	-18.348072939508405
1625	-22.699700504854214
1626	-25.869315755714425
1627	-28.60173608126368
1628	-32.169080834765
1629	-32.92251925175059
1630	-36.035884535432096
1631	-38.18537650609094
1632	-40.3156901320661
1633	-44.02784697156575
1634	-45.49077329288037
1635	-44.96450759702807
1636	-47.76325865954908
1637	-49.07413671336728
1638	-48.77585223904738
1639	-49.778260548193984
1640	-50.84081013450921
1641	-52.08037340423877
1642	-51.32119946285961
1643	-55.09494176551354
1644	-56.280531691451166
1645	-55.28572390208508
1646	-54.93057044879968
1647	-56.37509692217852
1648	-56.201416699883964
1649	-58.77374396646053
1650	-58.15756034556475
1651	-57.6101597812026
1652	-56.30786169503002
1653	-53.070421586044944
1654	-52.64300682681194
1655	-52.407237715028984
1656	-51.03240644321029
1657	-49.61055624525787
1658	-51.134327436666396
1659	-48.420480063090565
1660	-45.63217060799198
1661	-44.11096052485667
1662	-43.51771586288046
1663	-40.49393378059622
1664	-38.88235429666124
1665	-37.201836331166504
1666	-34.92595097842924
1667	-30.358404243358088
1668	-28.04473095299209
1669	-23.105532348486342
1670	-19.865606361475443
1671	-19.23622463610851
1672	-19.79267412491783
1673	-19.336951451928385
1674	-15.246032694012925
1675	-15.37723209602558
1676	-14.65427810241242
1677	-12.375601433404583
1678	-5.361029042684564
1679	-5.304317258731686
1680	-6.170094780593672
1681	-4.67414705046923
1682	-4.889385724432884
1683	-4.959958509300833
1684	-2.277958756703569
1685	-0.5577137925644422
1686	-0.698171272304819
1687	-2.2779587567033985
1688	-1.2348868631875831
1689	-3.05438308007227
1690	-3.9924419708310523
1691	-2.046439611087081
1692	0.03651942683423215
1693	-1.231726822860466
1694	-5.4134315564244275
1695	-4.324978862757291
1696	-2.511645235650164
1697	-2.548815269548669
1698	-6.261701115687714
1699	-6.209748380989737
1700	-4.4648668129989915
1701	-5.710634433068108
1702	-4.951962065219348
1703	-3.047223604146467
1704	-4.887536629732381
1705	-6.948308562054649
1706	-6.27975298684224
1707	-5.507281315387331
1708	-7.538115401425912
1709	-7.019861622158814
1710	-7.32111125107285
1711	-7.747125457734754
1712	-8.516026561776215
1713	-6.558576536578244
1714	-2.223191659420962
1715	-1.1981527746862213
1716	-2.798284234651149
1717	-4.278085277827657
1718	-5.040936106252417
1719	-3.673714157929652
1720	-3.450966267119952
1721	-1.2110605769923097
1722	-0.6075477387218626
1723	-3.6481318358890604
1724	-3.6920653358961175
1725	-2.0685535930905132
1726	-3.5428475662816084
1727	-3.6988162305400323
1728	-1.2448183545977258
1729	-1.8433281464864422
1730	-1.2667950281964124
1731	-0.6530887876443785
1732	0.5977003291982328
1733	-0.8059892484933329
1734	-3.6372536590496622
1735	-4.926907408958726
1736	-4.129385529335224
1737	-1.857576639751528
1738	0.5673049642541059
1739	0.003179447886509479
1740	-1.474730269532344
1741	-3.3444051941193607
1742	-2.5900965910358025
1743	-0.6950080825411646
1744	0.6352858664622687
1745	-0.5734038833099362
1746	1.7801003693668491
1747	3.504987474323059
1748	2.775934746621047
1749	3.7222662396914785
1750	2.4906785508665052
1751	1.8864540226784356
1752	1.8701299961436888
1753	4.175652877840491
1754	8.383657452116722
1755	9.47685432546021
1756	7.099235672665131
1757	3.8826870756305425
1758	3.190513014976048
1759	2.579035621867419
1760	4.283294930002839
1761	7.130654454040268
1762	5.722795538179724
1763	3.3333004668914867
1764	2.6717804988342237
1765	2.571341358228821
1766	1.7466418264950931
1767	-1.5207012042654071
1768	-3.4141780168140343
1769	-3.9274492224763975
1770	-4.932148035582429
1771	-10.01182139321628
1772	-15.800144566621114
1773	-23.552618212147564
1774	-34.60808720258488
1775	-40.99513358212356
1776	-39.49600085529518
1777	-42.36668785025206
1778	-49.82751560006314
1779	-55.75064949214065
1780	-62.87958757433178
1781	-70.5360918778622
1782	-74.66556386827945
1783	-73.67392411492402
1784	-76.63978565567
1785	-79.11465893451465
1786	-84.35284523186353
1787	-87.05647027529278
1788	-88.14568066898676
1789	-90.19063628757567
1790	-87.93999291525097
1791	-82.46612900841205
1792	-78.52390198879795
1793	-72.28208251816818
1794	-65.6492319237359
1795	-59.467796852857134
1796	-58.87536968787424
1797	-53.381125490590364
1798	-45.633037737082645
1799	-40.57648191596331
1800	-34.38341935091108
1801	-27.59957463386928
1802	-22.46154054335949
1803	-21.517786590663945
1804	-19.715886692500362
1805	-17.666916805714777
1806	-12.35961449035301
1807	-6.72137520659669
1808	-5.633114261822556
1809	-2.6435024476496665
1810	-3.215517894101822
1811	-3.0615315796124207
1812	-1.1971986720424468
1813	-1.1971986720425036
1814	1.3275287710317798
1815	0.45466613872360995
1816	0.7407248997074021
1817	0.10234054527705894
1818	-0.5314099707968865
1819	1.9731705267963662
1820	1.3227764772207422
1821	-0.927551947176255
1822	-0.5794668023000895
1823	0.12031722168435977
1824	1.2842788642667813
1825	2.9346716915841
1826	2.347895288623164
1827	0.68686843986751
1828	4.075607777695183
1829	2.5581546030895765
1830	3.718631181947302
1831	2.582270010465635
1832	1.949312852033728
1833	1.9239927658706506
1834	0.168773492092555
1835	0.6496309293649745
1836	1.2324456270890494
1837	2.43091710559753
1838	1.8209706458774235
1839	-0.026208260986976484
1840	1.2024804828565152
1841	3.1725448670900107
1842	2.157199179245424
1843	1.7355146788626428
1844	1.7966741517225557
1845	1.2709203405879066
1846	1.3406961868872997
1847	1.7655333853786033
1848	0.6695023517321488
1849	2.5315737783288057
1850	2.3690276629879463
1851	2.3368382088982855
1852	2.3313944744630533
1853	2.3621582950613913
1854	3.3700324585506394
1855	3.5816234798342066
1856	2.3932651498329847
1857	1.263020446057027
1858	3.028902936447764
1859	2.7090319120005972
1860	1.7820727003147852
1861	0.37628254779423287
1862	0.5497442682228382
1863	1.3182379744570767
1864	0.7718110198988484
1865	1.1878790314486594
1866	2.4443011574626325
1867	2.4443011574626325
1868	1.2162751293712404
1869	1.5208755489941268
1870	0
1871	1.594016546852572
1872	1.8557252313066783
1873	1.8502814968713892
1874	0.7347751528528192
1875	0.6225565034097826
1876	1.2281001356869865
1877	0.8854818302630747
1878	-0.009303396757388782
1879	2.414007054392755
1880	3.017688813399104
1881	3.5012837505466905
1882	3.640070785770945
1883	2.9484893432505714
1884	3.8159604614146474
1885	3.6012614075812053
1886	1.7408165999809455
1887	1.1566442919026088
1888	2.9988087821101317
1889	1.7761600012132988
1890	4.194659834522383
1891	3.4732952616321313
1892	2.56036426074229
1893	2.991864961840605
1894	4.17680600856292
1895	4.189510300532675
1896	4.635021976394654
1897	4.652135944844787
1898	3.0034484698096264
1899	1.5147423228819434
1900	0.3123267805288492
1901	0.6622092526741596
1902	1.9682921752973925
1903	2.551186171091331
1904	2.807731950913393
1905	2.814204362533644
1906	4.790409487983283
1907	6.971983971858748
1908	5.745433403516671
1909	6.777506421284727
1910	6.497038679758305
1911	7.9318492562435665
1912	10.644913945848117
1913	11.98103898162725
1914	12.785415379444203
1915	14.334716857985114
1916	15.356951214033074
1917	18.2327260124853
1918	21.087230248488765
1919	23.91060265882868
1920	28.295699092599193
1921	30.23337934996195
1922	30.305034767237004
1923	30.89452113086881
1924	32.83500017010809
1925	35.61352538935034
1926	36.04135436423627
1927	36.602732517433566
1928	38.08431957443278
1929	39.05725953343975
1930	39.691803022896124
1931	38.742056198427775
1932	38.970817031887606
1933	38.61068857179819
1934	39.14165047011605
1935	40.4169223582997
1936	40.71782674664151
1937	39.688987084885184
1938	41.02564514351255
1939	40.11618015655749
1940	39.05478268500538
1941	38.468149576014824
1942	38.5507900496313
1943	40.189896185381116
1944	39.20186475226244
1945	37.763496990160974
1946	37.95860843296745
1947	38.40222630279817
1948	39.86260276577494
1949	41.91889669022248
1950	43.372004679859316
1951	43.75838625539674
1952	41.24394600236394
1953	41.85005217879787
1954	41.304871138993036
1955	39.85658886736813
1956	40.44766846214485
1957	40.247781348857785
1958	39.37386904496856
1959	38.44907282225908
1960	36.823359236324094
1961	36.79176110588821
1962	37.36367977760128
1963	35.25517942025557
1964	34.738017480267104
1965	33.093651172964286
1966	32.23117643413795
1967	29.867676316920182
1968	26.831097563021956
1969	21.050706177365925
1970	16.85239959654561
1971	16.71781497707343
1972	18.352402948248894
1973	16.894780956390207
1974	16.118293729700568
1975	13.312371204008016
1976	10.199957222012173
1977	8.420493735885316
1978	5.850092413044706
1979	4.987711846879847
1980	5.470991025114714
1981	1.8522870658137691
1982	-1.134659823940126
1983	-3.8178405460769795
1984	-7.7277092277558666
1985	-9.201953076507564
1986	-12.758393689866637
1987	-14.856099143049917
1988	-17.209493091974764
1989	-17.990601576967634
1990	-19.274268323470665
1991	-21.606526446113406
1992	-24.527976996373056
1993	-27.87204486417575
1994	-31.061435899389366
1995	-31.506382830580648
1996	-32.240846119719876
1997	-34.76511719128483
1998	-36.23933678290453
1999	-38.369323136389994
2000	-43.794275264584925
2001	-42.62214042439959
2002	-43.61351881272731
2003	-43.20663452349443
2004	-40.19829712278661
2005	-39.29924556187109
2006	-35.74113966213214
2007	-37.095507708308006
2008	-37.0486969781293
2009	-36.316686912886894
2010	-35.506248834600456
2011	-35.88238509824478
2012	-35.50332482707742
2013	-34.21439191760743
2014	-33.7250779241505
2015	-31.838383058321725
2016	-31.079769857981915
2017	-28.37286926466136
2018	-28.915301130450445
2019	-31.016070481652292
2020	-28.238188067078738
2021	-29.66377273097723
2022	-30.31381456250736
2023	-29.867384139799242
2024	-32.210828934987816
2025	-32.65593255418541
2026	-38.86626082418145
2027	-36.89914025405349
2028	-32.73261656231577
2029	-30.875494190095083
2030	-32.8400055134496
2031	-32.55334890178412
2032	-31.756095209879845
2033	-31.151721293609654
2034	-30.564605338066457
2035	-35.120062960230484
2036	-36.91970497164195
2037	-38.57470966462432
2038	-37.65214062563814
2039	-32.459669089883505
2040	-31.082904215523257
2041	-28.71482095777401
2042	-27.31290450380081
2043	-28.613289682543524
2044	-27.64736663514128
2045	-27.225485289950768
2046	-21.620355865911733
2047	-19.725502994141266
2048	-24.10615636401488
2049	-24.647416748005213
2050	-20.009320372930887
2051	-19.594350273652253
2052	-20.729854124812277
2053	-20.91249445984039
2054	-18.57257290230811
2055	-12.558773650239146
2056	-11.739661175292326
2057	-9.877592979106339
2058	-6.109587170649974
2059	-7.512195790453234
2060	-9.23126902277744
2061	-10.557094142346784
